% * * * * * * * * * * * * * * * * * * * * * * * * * * * * * * * * *
% *                                                               *
% *                 Program by Ben Kaye (c) 2020                  *
% *            Using model provided by Aren Karapetyan            *
% *                         EUROP Project                         *
% *                                                               *
% * * * * * * * * * * * * * * * * * * * * * * * * * * * * * * * * *

%System State-Space

%d_system.A([1:2, 4:5, 7:8], [1:2, 4:5, 7:8])
A = [   1,  0,  0.0962912484723868,     0,                      0,                      0.0396218015830554;
        0,  1,  0,                      0.0962912484723868,     -0.0396218015830554,    0;
        0,  0,  0.894293322749997,      0,                      0,                      0.702694931894877;
        0,  0,  0,                      0.894293322749997,      -0.702694931894877,     0;
        0,  0,  0,                      0.193245482770890,      0.452393730892869,      0;
        0,  0,  -0.193245482770890,     0,                      0,                      0.452393730892869   ];

%d_system.B([1:2, 4:5, 7:8], [4, 5])
B = [   0.00370875152761323,    0;
        0,                      0.00370875152761323;
        0.105706677250003,      0;
        0,                      0.105706677250003;
        0,                      -0.193245482770890;
        0.193245482770890,      0 ];

%Calculate MPC algo

%initial conditions
ref = [ 3; 0; 0; 0; 0; 0 ];
x_0 = [ 0; 0; 0; 0; 0; 0 ];

%J = 


